0.
6824.
13648.
20472.
27296.
34120.
40944.
47768.
54592.
61416.
68240.
75064.
81888.
88712.
95536.
102360.
109184.
116007.
122831.
129655.
136479.
143303.
150127.
156951.
163775.
170599.
177423.
184247.
191071.
197895.
204719.
211543.
218367.
225191.
232015.
238839.
245663.
252487.
259311.
266135.
272959.
279783.
286607.
293431.
300255.
307079.
313903.
320727.
327551.
334375.
341199.
348022.
354846.
361670.
368494.
375318.
382142.
388966.
395790.
402614.
409438.
416262.
423086.
429910.
436734.
443558.
450382.
457206.
464030.
470854.
477678.
484502.
491326.
498150.
504974.
511798.
518622.
525446.
532270.
539094.
545918.
552742.
559566.
566390.
573214.
580037.
586861.
593685.
600509.
607333.
614157.
620981.
627805.
634629.
641453.
648277.
655101.
661925.
668749.
675573.
682397.
689221.
696045.
702869.
709693.
716517.
723341.
730165.
736989.
743813.
750637.
757461.
764285.
771109.
777933.
784757.
791581.
798405.
805229.
812052.
818876.
825700.
832524.
839348.
846172.
852996.
859820.
866644.
873468.
880292.
887116.
893940.
900764.
907588.
914412.
921236.
928060.
934884.
941708.
948532.
955356.
962180.
969004.
975828.
982652.
989476.
996300.
1003124.
1009948.
1016772.
1023596.
1030420.
1037244.
1044067.
1050891.
1057715.
1064539.
1071363.
1078187.
1085011.
1091835.
1098659.
1105483.
1112307.
1119131.
1125955.
1132779.
1139603.
1146427.
1153251.
1160075.
1166899.
1173723.
1180547.
1187371.
1194195.
1201019.
1207843.
1214667.
1221491.
1221491.
1234250.
1247010.
1259770.
1272530.
1285289.
1298049.
1310809.
1323568.
1336328.
1349088.
1361847.
1374607.
1387367.
1400127.
1412886.
1425646.
1438406.
1451165.
1463925.
1476685.
1489444.
1502204.
1514964.
1527724.
1540483.
1553243.
1566003.
1578762.
1591522.
1604282.
1617041.
1629801.
1642561.
1655321.
1668080.
1680840.
1693600.
1706359.
1719119.
1731879.
1744638.
1757398.
1770158.
1782918.
1795677.
1808437.
1821197.
1833956.
1846716.
1859476.
1872235.
1884995.
1897755.
1910515.
1923274.
1936034.
1948794.
1961553.
1974313.
1987073.
1999832.
2012592.
2025352.
2038112.
2050871.
2063631.
2076391.
2089150.
2101910.
2114670.
2127429.
2140189.
2152949.
2165709.
2178468.
2191228.
2203988.
2216747.
2229507.
2242267.
2255026.
2267786.
2280546.
2293306.
2306065.
2318825.
2331585.
2344344.
2357104.
2369864.
2382623.
2395383.
2408143.
2420903.
2433662.
2446422.
2459182.
2471941.
2484701.
2497461.
2510220.
2522980.
2535740.
2548500.
2561259.
2574019.
2586779.
2599538.
2612298.
2625058.
2637818.
2650577.
2663337.
2676097.
2688856.
2701616.
2714376.
2727135.
2739895.
2752655.
2765415.
2778174.
2790934.
2803694.
2816453.
2829213.
2841973.
2854732.
2867492.
2880252.
2893012.
2905771.
2918531.
2931291.
2944050.
2956810.
2969570.
2982329.
2995089.
3007849.
3020609.
3033368.
3046128.
3058888.
3071647.
3084407.
3097167.
3109926.
3122686.
3135446.
3148206.
3160965.
3173725.
3186485.
3199244.
3212004.
3224764.
3237523.
3250283.
3263043.
3275803.
3288562.
3301322.
3314082.
3326841.
3339601.
3352361.
3365120.
3377880.
3390640.
3403400.
3416159.
3428919.
3441679.
3454438.
3467198.
3479958.
3479958.
3489335.
3498713.
3508091.
3517468.
3526846.
3536224.
3545601.
3554979.
3564357.
3573734.
3583112.
3592489.
3601867.
3611245.
3620622.
3630000.
3630000.
3639471.
3648942.
3658413.
3667885.
3677356.
3686827.
3696298.
3705769.
3715240.
3724712.
3734183.
3743654.
3753125.
3762596.
3772067.
3781538.
3791010.
3800481.
3809952.
3819423.
3828894.
3838365.
3847837.
3857308.
3866779.
3876250.
3885721.
3895192.
3904663.
3914135.
3923606.
3933077.
3942548.
3952019.
3961490.
3970962.
3980433.
3989904.
3999375.
4008846.
4018317.
4027788.
4037260.
4046731.
4056202.
4065673.
4075144.
4084615.
4094087.
4103558.
4113029.
4122500.
4131971.
4141442.
4150913.
4160385.
4169856.
4179327.
4188798.
4198269.
4207740.
4217212.
4226683.
4236154.
4245625.
4255096.
4264567.
4274038.
4283510.
4292981.
4302452.
4311923.
4321394.
4330865.
4340337.
4349808.
4359279.
4368750.
4378221.
4387692.
4397163.
4406635.
4416106.
4425577.
4435048.
4444519.
4453990.
4463462.
4472933.
4482404.
4491875.
4501346.
4510817.
4520288.
4529760.
4539231.
4548702.
4558173.
4567644.
4577115.
4586587.
4596058.
4605529.
4615000.
4624471.
4633942.
4643413.
4652885.
4662356.
4671827.
4681298.
4690769.
4700240.
4709712.
4719183.
4728654.
4738125.
4747596.
4757067.
4766538.
4776010.
4785481.
4794952.
4804423.
4813894.
4823365.
4832837.
4842308.
4851779.
4861250.
4870721.
4880192.
4889663.
4899135.
4908606.
4918077.
4927548.
4937019.
4946490.
4955962.
4965433.
4974904.
4984375.
4993846.
5003317.
5012788.
5022260.
5031731.
5041202.
5050673.
5060144.
5069615.
5079087.
5088558.
5098029.
5107500.
5116971.
5126442.
5135913.
5145385.
5154856.
5164327.
5173798.
5183269.
5192740.
5202212.
5211683.
5221154.
5230625.
5240096.
5249567.
5259038.
5268510.
5277981.
5287452.
5296923.
5306394.
5315865.
5325337.
5334808.
5344279.
5353750.
5363221.
5372692.
5382163.
5391635.
5401106.
5410577.
5420048.
5429519.
5438990.
5448462.
5457933.
5467404.
5476875.
5486346.
5495817.
5505288.
5514760.
5524231.
5533702.
5543173.
5552644.
5562115.
5571587.
5581058.
5590529.
5600000.
5600000.
5607562.
5615125.
5622688.
5630250.
5637812.
5645375.
5652938.
5660500.
5668062.
5675625.
5683188.
5690750.
5698312.
5705875.
5713438.
5721000.
5721000.
5724572.
5728143.
5731714.
5735286.
5738857.
5742428.
5746000.
5749572.
5753143.
5756714.
5760286.
5763857.
5767428.
5771000.
5771000.
5777334.
5783666.
5790000.
5796334.
5802666.
5809000.
5815334.
5821666.
5828000.
5834334.
5840666.
5847000.
5853334.
5859666.
5866000.
5872334.
5878666.
5885000.
5891334.
5897666.
5904000.
5910334.
5916666.
5923000.
5929334.
5935666.
5942000.
5948334.
5954666.
5961000.
5961000.
5967334.
5973666.
5980000.
5986334.
5992666.
5999000.
6005334.
6011666.
6018000.
6024334.
6030666.
6037000.
6043334.
6049666.
6056000.
6062334.
6068666.
6075000.
6081334.
6087666.
6094000.
6100334.
6106666.
6113000.
6119334.
6125666.
6132000.
6138334.
6144666.
6151000.
6151000.
6157087.
6163174.
6169261.
6175348.
6181435.
6187522.
6193609.
6199696.
6205783.
6211870.
6217957.
6224043.
6230130.
6236217.
6242304.
6248391.
6254478.
6260565.
6266652.
6272739.
6278826.
6284913.
6291000.
6291000.
6294971.
6298943.
6302914.
6306886.
6310857.
6314829.
6318800.
6322771.
6326743.
6330714.
6334686.
6338657.
6342629.
6346600.
6346600.
6347540.
6348480.
6349420.
6350360.
6351300.
6352240.
6353180.
6354120.
6355060.
6356000.
6356000.
6357200.
6358400.
6359600.
6360800.
6362000.
6363200.
6364400.
6365600.
6366800.
6368000.
6368000.
6368300.
6368600.
6368900.
6369200.
6369500.
6369800.
6370100.
6370400.
6370700.
6371000.
