model_ref
1 1.000000 1
757 180 358 16
       0 13088.48 11262.20  3667.80   1327.6     84.6 11262.20  3667.80  1.00000
    6824 13088.47 11262.20  3667.79   1327.6     84.6 11262.20  3667.79  1.00000
   13648 13088.44 11262.18  3667.78   1327.6     84.6 11262.18  3667.78  1.00000
   20472 13088.39 11262.14  3667.75   1327.6     84.6 11262.14  3667.75  1.00000
   27296 13088.32 11262.09  3667.72   1327.6     84.6 11262.09  3667.72  1.00000
   34120 13088.22 11262.02  3667.67   1327.6     84.6 11262.02  3667.67  1.00000
   40944 13088.11 11261.94  3667.62   1327.6     84.6 11261.94  3667.62  1.00000
   47768 13087.98 11261.85  3667.55   1327.6     84.6 11261.85  3667.55  1.00000
   54592 13087.83 11261.74  3667.47   1327.6     84.6 11261.74  3667.47  1.00000
   61416 13087.66 11261.61  3667.39   1327.6     84.6 11261.61  3667.39  1.00000
   68240 13087.46 11261.47  3667.29   1327.6     84.6 11261.47  3667.29  1.00000
   75064 13087.25 11261.32  3667.18   1327.6     84.6 11261.32  3667.18  1.00000
   81888 13087.02 11261.15  3667.06   1327.6     84.6 11261.15  3667.06  1.00000
   88712 13086.76 11260.97  3666.94   1327.6     84.6 11260.97  3666.94  1.00000
   95536 13086.49 11260.77  3666.80   1327.6     84.6 11260.77  3666.80  1.00000
  102360 13086.20 11260.56  3666.65   1327.6     84.6 11260.56  3666.65  1.00000
  109184 13085.88 11260.34  3666.49   1327.6     84.6 11260.34  3666.49  1.00000
  116007 13085.55 11260.09  3666.32   1327.6     84.6 11260.09  3666.32  1.00000
  122831 13085.19 11259.84  3666.15   1327.6     84.6 11259.84  3666.15  1.00000
  129655 13084.82 11259.57  3665.96   1327.6     84.6 11259.57  3665.96  1.00000
  136479 13084.42 11259.28  3665.76   1327.6     84.6 11259.28  3665.76  1.00000
  143303 13084.01 11258.99  3665.55   1327.6     84.6 11258.99  3665.55  1.00000
  150127 13083.57 11258.67  3665.33   1327.6     84.6 11258.67  3665.33  1.00000
  156951 13083.11 11258.34  3665.10   1327.6     84.6 11258.34  3665.10  1.00000
  163775 13082.64 11258.00  3664.86   1327.6     84.6 11258.00  3664.86  1.00000
  170599 13082.14 11257.64  3664.61   1327.6     84.6 11257.64  3664.61  1.00000
  177423 13081.62 11257.27  3664.35   1327.6     84.6 11257.27  3664.35  1.00000
  184247 13081.09 11256.88  3664.08   1327.6     84.6 11256.88  3664.08  1.00000
  191071 13080.53 11256.48  3663.80   1327.6     84.6 11256.48  3663.80  1.00000
  197895 13079.95 11256.06  3663.51   1327.6     84.6 11256.06  3663.51  1.00000
  204719 13079.35 11255.63  3663.21   1327.6     84.6 11255.63  3663.21  1.00000
  211543 13078.73 11255.19  3662.90   1327.6     84.6 11255.19  3662.90  1.00000
  218367 13078.09 11254.73  3662.57   1327.6     84.6 11254.73  3662.57  1.00000
  225191 13077.44 11254.25  3662.24   1327.6     84.6 11254.25  3662.24  1.00000
  232015 13076.76 11253.76  3661.90   1327.6     84.6 11253.76  3661.90  1.00000
  238839 13076.06 11253.26  3661.55   1327.6     84.6 11253.26  3661.55  1.00000
  245663 13075.34 11252.74  3661.19   1327.6     84.6 11252.74  3661.19  1.00000
  252487 13074.60 11252.21  3660.81   1327.6     84.6 11252.21  3660.81  1.00000
  259311 13073.84 11251.66  3660.43   1327.6     84.6 11251.66  3660.43  1.00000
  266135 13073.06 11251.10  3660.04   1327.6     84.6 11251.10  3660.04  1.00000
  272959 13072.25 11250.52  3659.64   1327.6     84.6 11250.52  3659.64  1.00000
  279783 13071.43 11249.93  3659.22   1327.6     84.6 11249.93  3659.22  1.00000
  286607 13070.59 11249.33  3658.80   1327.6     84.6 11249.33  3658.80  1.00000
  293431 13069.73 11248.71  3658.36   1327.6     84.6 11248.71  3658.36  1.00000
  300255 13068.85 11248.07  3657.92   1327.6     84.6 11248.07  3657.92  1.00000
  307079 13067.95 11247.42  3657.47   1327.6     84.6 11247.42  3657.47  1.00000
  313903 13067.02 11246.76  3657.00   1327.6     84.6 11246.76  3657.00  1.00000
  320727 13066.08 11246.08  3656.53   1327.6     84.6 11246.08  3656.53  1.00000
  327551 13065.12 11245.38  3656.04   1327.6     84.6 11245.38  3656.04  1.00000
  334375 13064.13 11244.67  3655.55   1327.6     84.6 11244.67  3655.55  1.00000
  341199 13063.13 11243.95  3655.04   1327.6     84.6 11243.95  3655.04  1.00000
  348022 13062.10 11243.21  3654.53   1327.6     84.6 11243.21  3654.53  1.00000
  354846 13061.06 11242.46  3654.00   1327.6     84.6 11242.46  3654.00  1.00000
  361670 13060.00 11241.70  3653.47   1327.6     84.6 11241.70  3653.47  1.00000
  368494 13058.91 11240.91  3652.92   1327.6     84.6 11240.91  3652.92  1.00000
  375318 13057.81 11240.12  3652.36   1327.6     84.6 11240.12  3652.36  1.00000
  382142 13056.68 11239.31  3651.80   1327.6     84.6 11239.31  3651.80  1.00000
  388966 13055.53 11238.48  3651.22   1327.6     84.6 11238.48  3651.22  1.00000
  395790 13054.37 11237.64  3650.63   1327.6     84.6 11237.64  3650.63  1.00000
  402614 13053.18 11236.79  3650.04   1327.6     84.6 11236.79  3650.04  1.00000
  409438 13051.98 11235.92  3649.43   1327.6     84.6 11235.92  3649.43  1.00000
  416262 13050.75 11235.04  3648.81   1327.6     84.6 11235.04  3648.81  1.00000
  423086 13049.50 11234.14  3648.19   1327.6     84.6 11234.14  3648.19  1.00000
  429910 13048.23 11233.23  3647.55   1327.6     84.6 11233.23  3647.55  1.00000
  436734 13046.95 11232.30  3646.90   1327.6     84.6 11232.30  3646.90  1.00000
  443558 13045.64 11231.36  3646.24   1327.6     84.6 11231.36  3646.24  1.00000
  450382 13044.31 11230.40  3645.57   1327.6     84.6 11230.40  3645.57  1.00000
  457206 13042.96 11229.43  3644.89   1327.6     84.6 11229.43  3644.89  1.00000
  464030 13041.59 11228.44  3644.21   1327.6     84.6 11228.44  3644.21  1.00000
  470854 13040.20 11227.44  3643.51   1327.6     84.6 11227.44  3643.51  1.00000
  477678 13038.79 11226.43  3642.80   1327.6     84.6 11226.43  3642.80  1.00000
  484502 13037.36 11225.40  3642.08   1327.6     84.6 11225.40  3642.08  1.00000
  491326 13035.91 11224.36  3641.35   1327.6     84.6 11224.36  3641.35  1.00000
  498150 13034.44 11223.30  3640.61   1327.6     84.6 11223.30  3640.61  1.00000
  504974 13032.95 11222.22  3639.86   1327.6     84.6 11222.22  3639.86  1.00000
  511798 13031.44 11221.14  3639.10   1327.6     84.6 11221.14  3639.10  1.00000
  518622 13029.91 11220.03  3638.33   1327.6     84.6 11220.03  3638.33  1.00000
  525446 13028.36 11218.92  3637.55   1327.6     84.6 11218.92  3637.55  1.00000
  532270 13026.79 11217.78  3636.76   1327.6     84.6 11217.78  3636.76  1.00000
  539094 13025.20 11216.64  3635.96   1327.6     84.6 11216.64  3635.96  1.00000
  545918 13023.58 11215.48  3635.14   1327.6     84.6 11215.48  3635.14  1.00000
  552742 13021.95 11214.30  3634.32   1327.6     84.6 11214.30  3634.32  1.00000
  559566 13020.30 11213.11  3633.49   1327.6     84.6 11213.11  3633.49  1.00000
  566390 13018.63 11211.91  3632.65   1327.6     84.6 11211.91  3632.65  1.00000
  573214 13016.93 11210.69  3631.80   1327.6     84.6 11210.69  3631.80  1.00000
  580037 13015.22 11209.45  3630.93   1327.6     84.6 11209.45  3630.93  1.00000
  586861 13013.49 11208.21  3630.06   1327.6     84.6 11208.21  3630.06  1.00000
  593685 13011.73 11206.94  3629.18   1327.6     84.6 11206.94  3629.18  1.00000
  600509 13009.96 11205.67  3628.29   1327.6     84.6 11205.67  3628.29  1.00000
  607333 13008.16 11204.37  3627.38   1327.6     84.6 11204.37  3627.38  1.00000
  614157 13006.35 11203.07  3626.47   1327.6     84.6 11203.07  3626.47  1.00000
  620981 13004.51 11201.74  3625.55   1327.6     84.6 11201.74  3625.55  1.00000
  627805 13002.66 11200.41  3624.61   1327.6     84.6 11200.41  3624.61  1.00000
  634629 13000.78 11199.06  3623.67   1327.6     84.6 11199.06  3623.67  1.00000
  641453 12998.88 11197.69  3622.71   1327.6     84.6 11197.69  3622.71  1.00000
  648277 12996.97 11196.31  3621.75   1327.6     84.6 11196.31  3621.75  1.00000
  655101 12995.03 11194.92  3620.78   1327.6     84.6 11194.92  3620.78  1.00000
  661925 12993.07 11193.51  3619.79   1327.6     84.6 11193.51  3619.79  1.00000
  668749 12991.10 11192.09  3618.80   1327.6     84.6 11192.09  3618.80  1.00000
  675573 12989.10 11190.65  3617.79   1327.6     84.6 11190.65  3617.79  1.00000
  682397 12987.08 11189.19  3616.78   1327.6     84.6 11189.19  3616.78  1.00000
  689221 12985.04 11187.73  3615.75   1327.6     84.6 11187.73  3615.75  1.00000
  696045 12982.99 11186.24  3614.71   1327.6     84.6 11186.24  3614.71  1.00000
  702869 12980.91 11184.75  3613.67   1327.6     84.6 11184.75  3613.67  1.00000
  709693 12978.81 11183.24  3612.61   1327.6     84.6 11183.24  3612.61  1.00000
  716517 12976.69 11181.71  3611.55   1327.6     84.6 11181.71  3611.55  1.00000
  723341 12974.55 11180.17  3610.47   1327.6     84.6 11180.17  3610.47  1.00000
  730165 12972.39 11178.61  3609.38   1327.6     84.6 11178.61  3609.38  1.00000
  736989 12970.21 11177.04  3608.28   1327.6     84.6 11177.04  3608.28  1.00000
  743813 12968.01 11175.46  3607.18   1327.6     84.6 11175.46  3607.18  1.00000
  750637 12965.79 11173.86  3606.06   1327.6     84.6 11173.86  3606.06  1.00000
  757461 12963.55 11172.25  3604.93   1327.6     84.6 11172.25  3604.93  1.00000
  764285 12961.29 11170.62  3603.79   1327.6     84.6 11170.62  3603.79  1.00000
  771109 12959.01 11168.98  3602.65   1327.6     84.6 11168.98  3602.65  1.00000
  777933 12956.70 11167.32  3601.49   1327.6     84.6 11167.32  3601.49  1.00000
  784757 12954.38 11165.65  3600.32   1327.6     84.6 11165.65  3600.32  1.00000
  791581 12952.04 11163.96  3599.14   1327.6     84.6 11163.96  3599.14  1.00000
  798405 12949.68 11162.26  3597.95   1327.6     84.6 11162.26  3597.95  1.00000
  805229 12947.29 11160.54  3596.75   1327.6     84.6 11160.54  3596.75  1.00000
  812052 12944.89 11158.81  3595.54   1327.6     84.6 11158.81  3595.54  1.00000
  818876 12942.47 11157.07  3594.32   1327.6     84.6 11157.07  3594.32  1.00000
  825700 12940.02 11155.31  3593.10   1327.6     84.6 11155.31  3593.10  1.00000
  832524 12937.56 11153.54  3591.86   1327.6     84.6 11153.54  3591.86  1.00000
  839348 12935.08 11151.75  3590.61   1327.6     84.6 11151.75  3590.61  1.00000
  846172 12932.57 11149.94  3589.34   1327.6     84.6 11149.94  3589.34  1.00000
  852996 12930.05 11148.13  3588.07   1327.6     84.6 11148.13  3588.07  1.00000
  859820 12927.50 11146.29  3586.79   1327.6     84.6 11146.29  3586.79  1.00000
  866644 12924.94 11144.45  3585.50   1327.6     84.6 11144.45  3585.50  1.00000
  873468 12922.35 11142.58  3584.20   1327.6     84.6 11142.58  3584.20  1.00000
  880292 12919.75 11140.71  3582.89   1327.6     84.6 11140.71  3582.89  1.00000
  887116 12917.12 11138.82  3581.57   1327.6     84.6 11138.82  3581.57  1.00000
  893940 12914.47 11136.91  3580.24   1327.6     84.6 11136.91  3580.24  1.00000
  900764 12911.81 11134.99  3578.90   1327.6     84.6 11134.99  3578.90  1.00000
  907588 12909.12 11133.06  3577.54   1327.6     84.6 11133.06  3577.54  1.00000
  914412 12906.41 11131.11  3576.18   1327.6     84.6 11131.11  3576.18  1.00000
  921236 12903.68 11129.14  3574.81   1327.6     84.6 11129.14  3574.81  1.00000
  928060 12900.94 11127.16  3573.43   1327.6     84.6 11127.16  3573.43  1.00000
  934884 12898.17 11125.17  3572.03   1327.6     84.6 11125.17  3572.03  1.00000
  941708 12895.38 11123.16  3570.63   1327.6     84.6 11123.16  3570.63  1.00000
  948532 12892.57 11121.14  3569.22   1327.6     84.6 11121.14  3569.22  1.00000
  955356 12889.74 11119.10  3567.79   1327.6     84.6 11119.10  3567.79  1.00000
  962180 12886.89 11117.05  3566.36   1327.6     84.6 11117.05  3566.36  1.00000
  969004 12884.02 11114.99  3564.91   1327.6     84.6 11114.99  3564.91  1.00000
  975828 12881.13 11112.90  3563.46   1327.6     84.6 11112.90  3563.46  1.00000
  982652 12878.22 11110.81  3562.00   1327.6     84.6 11110.81  3562.00  1.00000
  989476 12875.29 11108.70  3560.52   1327.6     84.6 11108.70  3560.52  1.00000
  996300 12872.34 11106.57  3559.04   1327.6     84.6 11106.57  3559.04  1.00000
 1003124 12869.37 11104.44  3557.54   1327.6     84.6 11104.44  3557.54  1.00000
 1009948 12866.38 11102.28  3556.04   1327.6     84.6 11102.28  3556.04  1.00000
 1016772 12863.37 11100.11  3554.52   1327.6     84.6 11100.11  3554.52  1.00000
 1023596 12860.34 11097.93  3553.00   1327.6     84.6 11097.93  3553.00  1.00000
 1030420 12857.29 11095.73  3551.46   1327.6     84.6 11095.73  3551.46  1.00000
 1037244 12854.21 11093.52  3549.91   1327.6     84.6 11093.52  3549.91  1.00000
 1044067 12851.12 11091.29  3548.36   1327.6     84.6 11091.29  3548.36  1.00000
 1050891 12848.01 11089.05  3546.79   1327.6     84.6 11089.05  3546.79  1.00000
 1057715 12844.88 11086.80  3545.21   1327.6     84.6 11086.80  3545.21  1.00000
 1064539 12841.72 11084.53  3543.63   1327.6     84.6 11084.53  3543.63  1.00000
 1071363 12838.55 11082.24  3542.03   1327.6     84.6 11082.24  3542.03  1.00000
 1078187 12835.35 11079.94  3540.42   1327.6     84.6 11079.94  3540.42  1.00000
 1085011 12832.14 11077.63  3538.81   1327.6     84.6 11077.63  3538.81  1.00000
 1091835 12828.91 11075.30  3537.18   1327.6     84.6 11075.30  3537.18  1.00000
 1098659 12825.65 11072.95  3535.54   1327.6     84.6 11072.95  3535.54  1.00000
 1105483 12822.38 11070.59  3533.89   1327.6     84.6 11070.59  3533.89  1.00000
 1112307 12819.08 11068.22  3532.23   1327.6     84.6 11068.22  3532.23  1.00000
 1119131 12815.76 11065.83  3530.57   1327.6     84.6 11065.83  3530.57  1.00000
 1125955 12812.43 11063.43  3528.89   1327.6     84.6 11063.43  3528.89  1.00000
 1132779 12809.07 11061.02  3527.20   1327.6     84.6 11061.02  3527.20  1.00000
 1139603 12805.70 11058.58  3525.50   1327.6     84.6 11058.58  3525.50  1.00000
 1146427 12802.30 11056.14  3523.79   1327.6     84.6 11056.14  3523.79  1.00000
 1153251 12798.88 11053.68  3522.07   1327.6     84.6 11053.68  3522.07  1.00000
 1160075 12795.44 11051.20  3520.34   1327.6     84.6 11051.20  3520.34  1.00000
 1166899 12791.99 11048.71  3518.60   1327.6     84.6 11048.71  3518.60  1.00000
 1173723 12788.51 11046.21  3516.85   1327.6     84.6 11046.21  3516.85  1.00000
 1180547 12785.01 11043.69  3515.09   1327.6     84.6 11043.69  3515.09  1.00000
 1187371 12781.49 11041.16  3513.32   1327.6     84.6 11041.16  3513.32  1.00000
 1194195 12777.95 11038.61  3511.54   1327.6     84.6 11038.61  3511.54  1.00000
 1201019 12774.40 11036.05  3509.75   1327.6     84.6 11036.05  3509.75  1.00000
 1207843 12770.82 11033.47  3507.95   1327.6     84.6 11033.47  3507.95  1.00000
 1214667 12767.22 11030.88  3506.13   1327.6     84.6 11030.88  3506.13  1.00000
 1221491 12763.60 11028.27  3504.31   1327.6     84.6 11028.27  3504.31  1.00000
 1221491 12166.35 10355.69     0.00  57822.5      0.0 10355.69     0.00  1.00000
 1234250 12159.77 10348.28     0.00  57822.5      0.0 10348.28     0.00  1.00000
 1247010 12153.14 10340.85     0.00  57822.5      0.0 10340.85     0.00  1.00000
 1259770 12146.45 10333.39     0.00  57822.5      0.0 10333.39     0.00  1.00000
 1272530 12139.71 10325.91     0.00  57822.5      0.0 10325.91     0.00  1.00000
 1285289 12132.91 10318.40     0.00  57822.5      0.0 10318.40     0.00  1.00000
 1298049 12126.05 10310.87     0.00  57822.5      0.0 10310.87     0.00  1.00000
 1310809 12119.14 10303.30     0.00  57822.5      0.0 10303.30     0.00  1.00000
 1323568 12112.18 10295.71     0.00  57822.5      0.0 10295.71     0.00  1.00000
 1336328 12105.15 10288.09     0.00  57822.5      0.0 10288.09     0.00  1.00000
 1349088 12098.07 10280.44     0.00  57822.5      0.0 10280.44     0.00  1.00000
 1361847 12090.93 10272.76     0.00  57822.5      0.0 10272.76     0.00  1.00000
 1374607 12083.73 10265.04     0.00  57822.5      0.0 10265.04     0.00  1.00000
 1387367 12076.48 10257.30     0.00  57822.5      0.0 10257.30     0.00  1.00000
 1400127 12069.17 10249.52     0.00  57822.5      0.0 10249.52     0.00  1.00000
 1412886 12061.80 10241.71     0.00  57822.5      0.0 10241.71     0.00  1.00000
 1425646 12054.37 10233.86     0.00  57822.5      0.0 10233.86     0.00  1.00000
 1438406 12046.88 10225.98     0.00  57822.5      0.0 10225.98     0.00  1.00000
 1451165 12039.33 10218.06     0.00  57822.5      0.0 10218.06     0.00  1.00000
 1463925 12031.72 10210.11     0.00  57822.5      0.0 10210.11     0.00  1.00000
 1476685 12024.05 10202.12     0.00  57822.5      0.0 10202.12     0.00  1.00000
 1489444 12016.33 10194.10     0.00  57822.5      0.0 10194.10     0.00  1.00000
 1502204 12008.54 10186.04     0.00  57822.5      0.0 10186.04     0.00  1.00000
 1514964 12000.69 10177.94     0.00  57822.5      0.0 10177.94     0.00  1.00000
 1527724 11992.78 10169.79     0.00  57822.5      0.0 10169.79     0.00  1.00000
 1540483 11984.81 10161.61     0.00  57822.5      0.0 10161.61     0.00  1.00000
 1553243 11976.78 10153.39     0.00  57822.5      0.0 10153.39     0.00  1.00000
 1566003 11968.68 10145.13     0.00  57822.5      0.0 10145.13     0.00  1.00000
 1578762 11960.53 10136.83     0.00  57822.5      0.0 10136.83     0.00  1.00000
 1591522 11952.31 10128.48     0.00  57822.5      0.0 10128.48     0.00  1.00000
 1604282 11944.03 10120.09     0.00  57822.5      0.0 10120.09     0.00  1.00000
 1617041 11935.69 10111.66     0.00  57822.5      0.0 10111.66     0.00  1.00000
 1629801 11927.28 10103.18     0.00  57822.5      0.0 10103.18     0.00  1.00000
 1642561 11918.81 10094.66     0.00  57822.5      0.0 10094.66     0.00  1.00000
 1655321 11910.28 10086.09     0.00  57822.5      0.0 10086.09     0.00  1.00000
 1668080 11901.68 10077.48     0.00  57822.5      0.0 10077.48     0.00  1.00000
 1680840 11893.02 10068.82     0.00  57822.5      0.0 10068.82     0.00  1.00000
 1693600 11884.30 10060.11     0.00  57822.5      0.0 10060.11     0.00  1.00000
 1706359 11875.51 10051.35     0.00  57822.5      0.0 10051.35     0.00  1.00000
 1719119 11866.66 10042.54     0.00  57822.5      0.0 10042.54     0.00  1.00000
 1731879 11857.74 10033.69     0.00  57822.5      0.0 10033.69     0.00  1.00000
 1744638 11848.75 10024.78     0.00  57822.5      0.0 10024.78     0.00  1.00000
 1757398 11839.70 10015.82     0.00  57822.5      0.0 10015.82     0.00  1.00000
 1770158 11830.58 10006.82     0.00  57822.5      0.0 10006.82     0.00  1.00000
 1782918 11821.40  9997.75     0.00  57822.5      0.0  9997.75     0.00  1.00000
 1795677 11812.15  9988.64     0.00  57822.5      0.0  9988.64     0.00  1.00000
 1808437 11802.84  9979.47     0.00  57822.5      0.0  9979.47     0.00  1.00000
 1821197 11793.45  9970.25     0.00  57822.5      0.0  9970.25     0.00  1.00000
 1833956 11784.01  9960.97     0.00  57822.5      0.0  9960.97     0.00  1.00000
 1846716 11774.49  9951.64     0.00  57822.5      0.0  9951.64     0.00  1.00000
 1859476 11764.90  9942.25     0.00  57822.5      0.0  9942.25     0.00  1.00000
 1872235 11755.25  9932.81     0.00  57822.5      0.0  9932.81     0.00  1.00000
 1884995 11745.53  9923.31     0.00  57822.5      0.0  9923.31     0.00  1.00000
 1897755 11735.74  9913.75     0.00  57822.5      0.0  9913.75     0.00  1.00000
 1910515 11725.88  9904.13     0.00  57822.5      0.0  9904.13     0.00  1.00000
 1923274 11715.95  9894.45     0.00  57822.5      0.0  9894.45     0.00  1.00000
 1936034 11705.95  9884.71     0.00  57822.5      0.0  9884.71     0.00  1.00000
 1948794 11695.89  9874.91     0.00  57822.5      0.0  9874.91     0.00  1.00000
 1961553 11685.75  9865.05     0.00  57822.5      0.0  9865.05     0.00  1.00000
 1974313 11675.54  9855.13     0.00  57822.5      0.0  9855.13     0.00  1.00000
 1987073 11665.26  9845.14     0.00  57822.5      0.0  9845.14     0.00  1.00000
 1999832 11654.92  9835.09     0.00  57822.5      0.0  9835.09     0.00  1.00000
 2012592 11644.50  9824.98     0.00  57822.5      0.0  9824.98     0.00  1.00000
 2025352 11634.01  9814.80     0.00  57822.5      0.0  9814.80     0.00  1.00000
 2038112 11623.44  9804.56     0.00  57822.5      0.0  9804.56     0.00  1.00000
 2050871 11612.81  9794.25     0.00  57822.5      0.0  9794.25     0.00  1.00000
 2063631 11602.10  9783.87     0.00  57822.5      0.0  9783.87     0.00  1.00000
 2076391 11591.32  9773.43     0.00  57822.5      0.0  9773.43     0.00  1.00000
 2089150 11580.47  9762.92     0.00  57822.5      0.0  9762.92     0.00  1.00000
 2101910 11569.55  9752.34     0.00  57822.5      0.0  9752.34     0.00  1.00000
 2114670 11558.55  9741.69     0.00  57822.5      0.0  9741.69     0.00  1.00000
 2127429 11547.48  9730.97     0.00  57822.5      0.0  9730.97     0.00  1.00000
 2140189 11536.34  9720.18     0.00  57822.5      0.0  9720.18     0.00  1.00000
 2152949 11525.12  9709.32     0.00  57822.5      0.0  9709.32     0.00  1.00000
 2165709 11513.83  9698.39     0.00  57822.5      0.0  9698.39     0.00  1.00000
 2178468 11502.46  9687.38     0.00  57822.5      0.0  9687.38     0.00  1.00000
 2191228 11491.02  9676.31     0.00  57822.5      0.0  9676.31     0.00  1.00000
 2203988 11479.51  9665.15     0.00  57822.5      0.0  9665.15     0.00  1.00000
 2216747 11467.91  9653.93     0.00  57822.5      0.0  9653.93     0.00  1.00000
 2229507 11456.25  9642.63     0.00  57822.5      0.0  9642.63     0.00  1.00000
 2242267 11444.50  9631.25     0.00  57822.5      0.0  9631.25     0.00  1.00000
 2255026 11432.69  9619.80     0.00  57822.5      0.0  9619.80     0.00  1.00000
 2267786 11420.79  9608.27     0.00  57822.5      0.0  9608.27     0.00  1.00000
 2280546 11408.82  9596.66     0.00  57822.5      0.0  9596.66     0.00  1.00000
 2293306 11396.77  9584.97     0.00  57822.5      0.0  9584.97     0.00  1.00000
 2306065 11384.64  9573.20     0.00  57822.5      0.0  9573.20     0.00  1.00000
 2318825 11372.44  9561.36     0.00  57822.5      0.0  9561.36     0.00  1.00000
 2331585 11360.16  9549.43     0.00  57822.5      0.0  9549.43     0.00  1.00000
 2344344 11347.80  9537.43     0.00  57822.5      0.0  9537.43     0.00  1.00000
 2357104 11335.37  9525.34     0.00  57822.5      0.0  9525.34     0.00  1.00000
 2369864 11322.85  9513.17     0.00  57822.5      0.0  9513.17     0.00  1.00000
 2382623 11310.26  9500.91     0.00  57822.5      0.0  9500.91     0.00  1.00000
 2395383 11297.58  9488.57     0.00  57822.5      0.0  9488.57     0.00  1.00000
 2408143 11284.83  9476.15     0.00  57822.5      0.0  9476.15     0.00  1.00000
 2420903 11272.00  9463.64     0.00  57822.5      0.0  9463.64     0.00  1.00000
 2433662 11259.09  9451.05     0.00  57822.5      0.0  9451.05     0.00  1.00000
 2446422 11246.10  9438.37     0.00  57822.5      0.0  9438.37     0.00  1.00000
 2459182 11233.03  9425.61     0.00  57822.5      0.0  9425.61     0.00  1.00000
 2471941 11219.87  9412.75     0.00  57822.5      0.0  9412.75     0.00  1.00000
 2484701 11206.64  9399.81     0.00  57822.5      0.0  9399.81     0.00  1.00000
 2497461 11193.33  9386.78     0.00  57822.5      0.0  9386.78     0.00  1.00000
 2510220 11179.93  9373.66     0.00  57822.5      0.0  9373.66     0.00  1.00000
 2522980 11166.45  9360.45     0.00  57822.5      0.0  9360.45     0.00  1.00000
 2535740 11152.89  9347.15     0.00  57822.5      0.0  9347.15     0.00  1.00000
 2548500 11139.25  9333.76     0.00  57822.5      0.0  9333.76     0.00  1.00000
 2561259 11125.53  9320.27     0.00  57822.5      0.0  9320.27     0.00  1.00000
 2574019 11111.72  9306.70     0.00  57822.5      0.0  9306.70     0.00  1.00000
 2586779 11097.83  9293.03     0.00  57822.5      0.0  9293.03     0.00  1.00000
 2599538 11083.86  9279.26     0.00  57822.5      0.0  9279.26     0.00  1.00000
 2612298 11069.80  9265.40     0.00  57822.5      0.0  9265.40     0.00  1.00000
 2625058 11055.66  9251.45     0.00  57822.5      0.0  9251.45     0.00  1.00000
 2637818 11041.44  9237.40     0.00  57822.5      0.0  9237.40     0.00  1.00000
 2650577 11027.13  9223.25     0.00  57822.5      0.0  9223.25     0.00  1.00000
 2663337 11012.74  9209.00     0.00  57822.5      0.0  9209.00     0.00  1.00000
 2676097 10998.26  9194.66     0.00  57822.5      0.0  9194.66     0.00  1.00000
 2688856 10983.70  9180.22     0.00  57822.5      0.0  9180.22     0.00  1.00000
 2701616 10969.05  9165.68     0.00  57822.5      0.0  9165.68     0.00  1.00000
 2714376 10954.32  9151.03     0.00  57822.5      0.0  9151.03     0.00  1.00000
 2727135 10939.50  9136.29     0.00  57822.5      0.0  9136.29     0.00  1.00000
 2739895 10924.59  9121.45     0.00  57822.5      0.0  9121.45     0.00  1.00000
 2752655 10909.60  9106.50     0.00  57822.5      0.0  9106.50     0.00  1.00000
 2765415 10894.52  9091.46     0.00  57822.5      0.0  9091.46     0.00  1.00000
 2778174 10879.35  9076.30     0.00  57822.5      0.0  9076.30     0.00  1.00000
 2790934 10864.10  9061.05     0.00  57822.5      0.0  9061.05     0.00  1.00000
 2803694 10848.76  9045.69     0.00  57822.5      0.0  9045.69     0.00  1.00000
 2816453 10833.33  9030.23     0.00  57822.5      0.0  9030.23     0.00  1.00000
 2829213 10817.81  9014.65     0.00  57822.5      0.0  9014.65     0.00  1.00000
 2841973 10802.21  8998.98     0.00  57822.5      0.0  8998.98     0.00  1.00000
 2854732 10786.51  8983.19     0.00  57822.5      0.0  8983.19     0.00  1.00000
 2867492 10770.73  8967.30     0.00  57822.5      0.0  8967.30     0.00  1.00000
 2880252 10754.86  8951.30     0.00  57822.5      0.0  8951.30     0.00  1.00000
 2893012 10738.90  8935.19     0.00  57822.5      0.0  8935.19     0.00  1.00000
 2905771 10722.85  8918.97     0.00  57822.5      0.0  8918.97     0.00  1.00000
 2918531 10706.71  8902.64     0.00  57822.5      0.0  8902.64     0.00  1.00000
 2931291 10690.48  8886.20     0.00  57822.5      0.0  8886.20     0.00  1.00000
 2944050 10674.16  8869.64     0.00  57822.5      0.0  8869.64     0.00  1.00000
 2956810 10657.75  8852.98     0.00  57822.5      0.0  8852.98     0.00  1.00000
 2969570 10641.24  8836.20     0.00  57822.5      0.0  8836.20     0.00  1.00000
 2982329 10624.65  8819.31     0.00  57822.5      0.0  8819.31     0.00  1.00000
 2995089 10607.96  8802.30     0.00  57822.5      0.0  8802.30     0.00  1.00000
 3007849 10591.19  8785.18     0.00  57822.5      0.0  8785.18     0.00  1.00000
 3020609 10574.32  8767.94     0.00  57822.5      0.0  8767.94     0.00  1.00000
 3033368 10557.36  8750.59     0.00  57822.5      0.0  8750.59     0.00  1.00000
 3046128 10540.30  8733.12     0.00  57822.5      0.0  8733.12     0.00  1.00000
 3058888 10523.16  8715.53     0.00  57822.5      0.0  8715.53     0.00  1.00000
 3071647 10505.92  8697.82     0.00  57822.5      0.0  8697.82     0.00  1.00000
 3084407 10488.58  8680.00     0.00  57822.5      0.0  8680.00     0.00  1.00000
 3097167 10471.15  8662.05     0.00  57822.5      0.0  8662.05     0.00  1.00000
 3109926 10453.63  8643.99     0.00  57822.5      0.0  8643.99     0.00  1.00000
 3122686 10436.02  8625.80     0.00  57822.5      0.0  8625.80     0.00  1.00000
 3135446 10418.31  8607.49     0.00  57822.5      0.0  8607.49     0.00  1.00000
 3148206 10400.51  8589.06     0.00  57822.5      0.0  8589.06     0.00  1.00000
 3160965 10382.61  8570.51     0.00  57822.5      0.0  8570.51     0.00  1.00000
 3173725 10364.61  8551.83     0.00  57822.5      0.0  8551.83     0.00  1.00000
 3186485 10346.52  8533.03     0.00  57822.5      0.0  8533.03     0.00  1.00000
 3199244 10328.34  8514.10     0.00  57822.5      0.0  8514.10     0.00  1.00000
 3212004 10310.05  8495.05     0.00  57822.5      0.0  8495.05     0.00  1.00000
 3224764 10291.68  8475.87     0.00  57822.5      0.0  8475.87     0.00  1.00000
 3237523 10273.20  8456.57     0.00  57822.5      0.0  8456.57     0.00  1.00000
 3250283 10254.63  8437.14     0.00  57822.5      0.0  8437.14     0.00  1.00000
 3263043 10235.96  8417.58     0.00  57822.5      0.0  8417.58     0.00  1.00000
 3275803 10217.20  8397.89     0.00  57822.5      0.0  8397.89     0.00  1.00000
 3288562 10198.33  8378.07     0.00  57822.5      0.0  8378.07     0.00  1.00000
 3301322 10179.37  8358.12     0.00  57822.5      0.0  8358.12     0.00  1.00000
 3314082 10160.31  8338.04     0.00  57822.5      0.0  8338.04     0.00  1.00000
 3326841 10141.15  8317.83     0.00  57822.5      0.0  8317.83     0.00  1.00000
 3339601 10121.90  8297.49     0.00  57822.5      0.0  8297.49     0.00  1.00000
 3352361 10102.54  8277.01     0.00  57822.5      0.0  8277.01     0.00  1.00000
 3365120 10083.09  8256.41     0.00  57822.5      0.0  8256.41     0.00  1.00000
 3377880 10063.53  8235.66     0.00  57822.5      0.0  8235.66     0.00  1.00000
 3390640 10043.88  8214.79     0.00  57822.5      0.0  8214.79     0.00  1.00000
 3403400 10024.12  8193.77     0.00  57822.5      0.0  8193.77     0.00  1.00000
 3416159 10004.27  8172.62     0.00  57822.5      0.0  8172.62     0.00  1.00000
 3428919  9984.32  8151.34     0.00  57822.5      0.0  8151.34     0.00  1.00000
 3441679  9964.26  8129.92     0.00  57822.5      0.0  8129.92     0.00  1.00000
 3454438  9944.10  8108.36     0.00  57822.5      0.0  8108.36     0.00  1.00000
 3467198  9923.84  8086.66     0.00  57822.5      0.0  8086.66     0.00  1.00000
 3480000  9903.48  8064.82     0.00  57822.5      0.0  8064.82     0.00  1.00000
 3480000  5572.07 13712.74  7285.91  57822.5    355.0 13729.63  7291.71  0.99586
 3489335  5567.27 13711.49  7285.85  57822.5    355.0 13727.07  7291.21  0.99618
 3498713  5562.46 13710.23  7285.80  57822.5    355.0 13724.49  7290.70  0.99650
 3508091  5557.67 13708.97  7285.72  57822.5    355.0 13721.89  7290.13  0.99682
 3517468  5552.85 13707.70  7285.57  57822.5    355.0 13719.28  7289.54  0.99715
 3526846  5548.06 13706.42  7285.39  57822.5    355.0 13716.64  7288.86  0.99749
 3536224  5543.24 13705.12  7285.16  57822.5    355.0 13713.91  7288.15  0.99784
 3545601  5538.40 13703.81  7284.88  57822.5    355.0 13711.15  7287.36  0.99819
 3554979  5533.56 13702.49  7284.53  57822.5    355.0 13708.31  7286.50  0.99856
 3564357  5528.71 13701.13  7284.11  57822.5    355.0 13705.41  7285.54  0.99894
 3573734  5523.85 13699.80  7283.65  57822.5    355.0 13702.43  7284.50  0.99933
 3583112  5518.97 13698.42  7283.09  57822.5    355.0 13699.34  7283.34  0.99976
 3592489  5514.06 13697.03  7282.46  57822.5    355.0 13696.19  7282.10  1.00018
 3601867  5509.15 13695.62  7281.75  57822.5    355.0 13692.93  7280.72  1.00064
 3611245  5504.19 13694.20  7280.96  57822.5    355.0 13689.57  7279.27  1.00111
 3620622  5499.22 13692.74  7280.10  57822.5    355.0 13686.10  7277.68  1.00160
 3630000  5494.24 13691.29  7279.16  57822.5    355.0 13682.56  7276.02  1.00212
 3630000  5494.24 13691.29  7279.16  57822.5    355.0 13682.56  7276.02  1.00212
 3639471  5489.20 13680.55  7273.75  57822.5    355.0 13669.63  7269.84  1.00266
 3648942  5484.14 13669.81  7268.30  57822.5    355.0 13656.67  7263.60  1.00319
 3658413  5479.09 13659.07  7262.85  57822.5    355.0 13643.68  7257.37  1.00376
 3667885  5474.01 13648.37  7257.36  57822.5    355.0 13630.72  7251.07  1.00432
 3677356  5468.95 13637.69  7251.89  57822.5    355.0 13617.72  7244.78  1.00489
 3686827  5463.88 13627.01  7246.41  57822.5    355.0 13604.74  7238.48  1.00547
 3696298  5458.82 13616.39  7240.94  57822.5    355.0 13591.79  7232.20  1.00605
 3705769  5453.73 13605.77  7235.53  57822.5    355.0 13578.86  7225.97  1.00661
 3715240  5448.70 13595.21  7230.14  57822.5    355.0 13566.02  7219.76  1.00718
 3724712  5443.67 13584.66  7224.80  57822.5    355.0 13553.20  7213.62  1.00776
 3734183  5438.65 13574.15  7219.51  57822.5    355.0 13540.48  7207.54  1.00831
 3743654  5433.64 13563.66  7214.27  57822.5    355.0 13527.82  7201.52  1.00885
 3753125  5428.63 13553.22  7209.11  57822.5    355.0 13515.26  7195.62  1.00939
 3762596  5423.67 13542.84  7204.03  57822.5    355.0 13502.82  7189.82  1.00991
 3772067  5418.72 13532.48  7199.09  57822.5    355.0 13490.47  7184.15  1.01042
 3781538  5413.80 13522.18  7194.19  57822.5    355.0 13478.25  7178.59  1.01089
 3791010  5408.92 13511.92  7189.42  57822.5    355.0 13466.19  7173.16  1.01136
 3800481  5404.05 13501.70  7184.76  57822.5    355.0 13454.24  7167.86  1.01180
 3809952  5399.22 13491.52  7180.16  57822.5    355.0 13442.40  7162.69  1.01222
 3819423  5394.39 13481.38  7175.69  57822.5    355.0 13430.71  7157.67  1.01263
 3828894  5389.62 13471.26  7171.30  57822.5    355.0 13419.10  7152.73  1.01301
 3838365  5384.84 13461.16  7166.97  57822.5    355.0 13407.60  7147.92  1.01337
 3847837  5380.11 13451.10  7162.74  57822.5    355.0 13396.22  7143.20  1.01372
 3857308  5375.36 13441.04  7158.56  57822.5    355.0 13384.93  7138.61  1.01403
 3866779  5370.64 13430.99  7154.47  57822.5    355.0 13373.75  7134.08  1.01433
 3876250  5365.95 13420.95  7150.43  57822.5    355.0 13362.63  7129.66  1.01461
 3885721  5361.27 13410.92  7146.44  57822.5    355.0 13351.63  7125.33  1.01487
 3895192  5356.60 13400.89  7142.52  57822.5    355.0 13340.69  7121.10  1.01511
 3904663  5351.96 13390.82  7138.66  57822.5    355.0 13329.83  7116.92  1.01532
 3914135  5347.32 13380.79  7134.83  57822.5    355.0 13319.03  7112.82  1.01552
 3923606  5342.70 13370.73  7131.03  57822.5    355.0 13308.33  7108.79  1.01569
 3933077  5338.08 13360.64  7127.29  57822.5    355.0 13297.67  7104.84  1.01586
 3942548  5333.47 13350.55  7123.58  57822.5    355.0 13287.09  7100.95  1.01600
 3952019  5328.87 13340.43  7119.89  57822.5    355.0 13276.57  7097.09  1.01610
 3961490  5324.27 13330.28  7116.22  57822.5    355.0 13266.09  7093.31  1.01620
 3970962  5319.70 13320.10  7112.56  57822.5    355.0 13255.66  7089.57  1.01628
 3980433  5315.13 13309.88  7108.93  57822.5    355.0 13245.28  7085.86  1.01633
 3989904  5310.56 13299.59  7105.32  57822.5    355.0 13234.91  7082.22  1.01637
 3999375  5305.97 13289.29  7101.72  57822.5    355.0 13224.61  7078.62  1.01639
 4008846  5301.40 13278.92  7098.09  57822.5    355.0 13214.31  7075.01  1.01638
 4018317  5296.82 13268.51  7094.49  57822.5    355.0 13204.09  7071.45  1.01635
 4027788  5292.26 13258.05  7090.88  57822.5    355.0 13193.85  7067.92  1.01629
 4037260  5287.69 13247.53  7087.25  57822.5    355.0 13183.63  7064.40  1.01622
 4046731  5283.10 13236.97  7083.63  57822.5    355.0 13173.46  7060.90  1.01615
 4056202  5278.54 13226.37  7080.01  57822.5    355.0 13163.30  7057.43  1.01605
 4065673  5273.95 13215.69  7076.37  57822.5    355.0 13153.14  7053.99  1.01594
 4075144  5269.38 13204.95  7072.72  57822.5    355.0 13142.99  7050.53  1.01578
 4084615  5264.80 13194.19  7069.04  57822.5    355.0 13132.86  7047.08  1.01564
 4094087  5260.21 13183.35  7065.36  57822.5    355.0 13122.74  7043.64  1.01547
 4103558  5255.63 13172.47  7061.66  57822.5    355.0 13112.62  7040.21  1.01528
 4113029  5251.03 13161.52  7057.95  57822.5    355.0 13102.50  7036.78  1.01508
 4122500  5246.43 13150.51  7054.20  57822.5    355.0 13092.37  7033.36  1.01487
 4131971  5241.83 13139.47  7050.44  57822.5    355.0 13082.25  7029.92  1.01465
 4141442  5237.21 13128.34  7046.66  57822.5    355.0 13072.11  7026.47  1.01439
 4150913  5232.58 13117.16  7042.80  57822.5    355.0 13061.98  7022.99  1.01414
 4160385  5227.96 13105.92  7038.98  57822.5    355.0 13051.82  7019.56  1.01387
 4169856  5223.35 13094.63  7035.09  57822.5    355.0 13041.64  7016.08  1.01360
 4179327  5218.69 13083.28  7031.18  57822.5    355.0 13031.46  7012.56  1.01330
 4188798  5214.05 13071.88  7027.22  57822.5    355.0 13021.27  7009.04  1.01301
 4198269  5209.39 13060.39  7023.24  57822.5    355.0 13011.03  7005.50  1.01269
 4207740  5204.71 13048.87  7019.20  57822.5    355.0 13000.79  7001.91  1.01238
 4217212  5200.03 13037.27  7015.13  57822.5    355.0 12990.51  6998.32  1.01204
 4226683  5195.34 13025.60  7011.03  57822.5    355.0 12980.19  6994.69  1.01169
 4236154  5190.63 13013.87  7006.87  57822.5    355.0 12969.83  6991.01  1.01136
 4245625  5185.92 13002.08  7002.67  57822.5    355.0 12959.47  6987.33  1.01100
 4255096  5181.20 12990.25  6998.41  57822.5    355.0 12949.05  6983.58  1.01064
 4264567  5176.45 12978.32  6994.10  57822.5    355.0 12938.58  6979.79  1.01026
 4274038  5171.70 12966.31  6989.74  57822.5    355.0 12928.07  6975.96  1.00989
 4283510  5166.94 12954.29  6985.34  57822.5    355.0 12917.52  6972.09  1.00951
 4292981  5162.15 12942.17  6980.89  57822.5    355.0 12906.94  6968.19  1.00912
 4302452  5157.35 12930.01  6976.36  57822.5    355.0 12896.31  6964.23  1.00873
 4311923  5152.54 12917.79  6971.82  57822.5    355.0 12885.63  6960.21  1.00834
 4321394  5147.74 12905.50  6967.21  57822.5    355.0 12874.90  6956.17  1.00795
 4330865  5142.90 12893.17  6962.57  57822.5    355.0 12864.12  6952.10  1.00756
 4340337  5138.04 12880.79  6957.88  57822.5    355.0 12853.29  6947.96  1.00715
 4349808  5133.18 12868.38  6953.17  57822.5    355.0 12842.45  6943.80  1.00673
 4359279  5128.32 12855.92  6948.37  57822.5    355.0 12831.55  6939.58  1.00634
 4368750  5123.45 12843.44  6943.60  57822.5    355.0 12820.60  6935.36  1.00594
 4378221  5118.56 12830.93  6938.75  57822.5    355.0 12809.62  6931.07  1.00554
 4387692  5113.67 12818.37  6933.90  57822.5    355.0 12798.60  6926.76  1.00516
 4397163  5108.75 12805.79  6929.00  57822.5    355.0 12787.53  6922.41  1.00477
 4406635  5103.83 12793.19  6924.08  57822.5    355.0 12776.42  6918.01  1.00438
 4416106  5098.91 12780.58  6919.14  57822.5    355.0 12765.27  6913.61  1.00399
 4425577  5093.98 12767.94  6914.16  57822.5    355.0 12754.09  6909.14  1.00362
 4435048  5089.04 12755.30  6909.17  57822.5    355.0 12742.85  6904.68  1.00326
 4444519  5084.08 12742.64  6904.17  57822.5    355.0 12731.60  6900.18  1.00290
 4453990  5079.12 12729.99  6899.14  57822.5    355.0 12720.30  6895.63  1.00253
 4463462  5074.17 12717.32  6894.10  57822.5    355.0 12708.96  6891.06  1.00220
 4472933  5069.19 12704.65  6889.03  57822.5    355.0 12697.57  6886.46  1.00186
 4482404  5064.22 12691.99  6883.95  57822.5    355.0 12686.15  6881.84  1.00154
 4491875  5059.23 12679.34  6878.87  57822.5    355.0 12674.71  6877.20  1.00122
 4501346  5054.26 12666.70  6873.79  57822.5    355.0 12663.22  6872.53  1.00091
 4510817  5049.26 12654.05  6868.72  57822.5    355.0 12651.69  6867.85  1.00063
 4520288  5044.26 12641.44  6863.60  57822.5    355.0 12640.12  6863.13  1.00035
 4529760  5039.25 12628.86  6858.52  57822.5    355.0 12628.53  6858.39  1.00007
 4539231  5034.26 12616.28  6853.41  57822.5    355.0 12616.91  6853.64  0.99983
 4548702  5029.26 12603.74  6848.34  57822.5    355.0 12605.23  6848.89  0.99961
 4558173  5024.24 12591.22  6843.26  57822.5    355.0 12593.51  6844.08  0.99940
 4567644  5019.24 12578.71  6838.17  57822.5    355.0 12581.79  6839.26  0.99919
 4577115  5014.21 12566.27  6833.08  57822.5    355.0 12570.01  6834.44  0.99900
 4586587  5009.20 12553.82  6828.00  57822.5    355.0 12558.22  6829.59  0.99883
 4596058  5004.20 12541.41  6822.94  57822.5    355.0 12546.39  6824.74  0.99867
 4605529  4999.16 12529.00  6817.88  57822.5    355.0 12534.50  6819.86  0.99854
 4615000  4994.13 12516.64  6812.83  57822.5    355.0 12522.60  6814.98  0.99841
 4624471  4989.10 12504.31  6807.77  57822.5    355.0 12510.66  6810.08  0.99830
 4633942  4984.07 12491.98  6802.72  57822.5    355.0 12498.70  6805.17  0.99821
 4643413  4979.04 12479.66  6797.68  57822.5    355.0 12486.70  6800.23  0.99812
 4652885  4974.02 12467.37  6792.65  57822.5    355.0 12474.67  6795.29  0.99805
 4662356  4968.96 12455.08  6787.63  57822.5    355.0 12462.61  6790.36  0.99799
 4671827  4963.93 12442.82  6782.60  57822.5    355.0 12450.52  6785.40  0.99794
 4681298  4958.89 12430.57  6777.58  57822.5    355.0 12438.41  6780.44  0.99790
 4690769  4953.84 12418.33  6772.57  57822.5    355.0 12426.25  6775.46  0.99788
 4700240  4948.79 12406.09  6767.57  57822.5    355.0 12414.07  6770.47  0.99785
 4709712  4943.76 12393.87  6762.59  57822.5    355.0 12401.86  6765.49  0.99784
 4719183  4938.71 12381.65  6757.59  57822.5    355.0 12389.63  6760.49  0.99786
 4728654  4933.64 12369.45  6752.60  57822.5    355.0 12377.37  6755.47  0.99787
 4738125  4928.58 12357.25  6747.64  57822.5    355.0 12365.08  6750.47  0.99791
 4747596  4923.52 12345.07  6742.67  57822.5    355.0 12352.75  6745.47  0.99791
 4757067  4918.47 12332.86  6737.72  57822.5    355.0 12340.40  6740.44  0.99796
 4766538  4913.40 12320.68  6732.75  57822.5    355.0 12328.03  6735.44  0.99801
 4776010  4908.35 12308.49  6727.82  57822.5    355.0 12315.63  6730.40  0.99807
 4785481  4903.29 12296.30  6722.87  57822.5    355.0 12303.22  6725.39  0.99813
 4794952  4898.23 12284.11  6717.94  57822.5    355.0 12290.74  6720.36  0.99821
 4804423  4893.16 12271.90  6713.03  57822.5    355.0 12278.25  6715.34  0.99827
 4813894  4888.10 12259.71  6708.13  57822.5    355.0 12265.75  6710.32  0.99835
 4823365  4883.03 12247.50  6703.21  57822.5    355.0 12253.22  6705.29  0.99844
 4832837  4877.97 12235.28  6698.32  57822.5    355.0 12240.65  6700.26  0.99854
 4842308  4872.89 12223.07  6693.43  57822.5    355.0 12228.08  6695.24  0.99863
 4851779  4867.81 12210.82  6688.54  57822.5    355.0 12215.47  6690.23  0.99874
 4861250  4862.74 12198.59  6683.68  57822.5    355.0 12202.83  6685.22  0.99884
 4870721  4857.66 12186.34  6678.82  57822.5    355.0 12190.17  6680.20  0.99896
 4880192  4852.59 12174.07  6673.96  57822.5    355.0 12177.49  6675.18  0.99907
 4889663  4847.52 12161.78  6669.09  57822.5    355.0 12164.75  6670.17  0.99917
 4899135  4842.44 12149.48  6664.23  57822.5    355.0 12152.00  6665.14  0.99930
 4908606  4837.35 12137.15  6659.36  57822.5    355.0 12139.21  6660.11  0.99943
 4918077  4832.26 12124.78  6654.48  57822.5    355.0 12126.38  6655.07  0.99955
 4927548  4827.14 12112.40  6649.63  57822.5    355.0 12113.52  6650.02  0.99969
 4937019  4822.04 12099.99  6644.72  57822.5    355.0 12100.60  6644.93  0.99983
 4946490  4816.94 12087.54  6639.82  57822.5    355.0 12087.66  6639.84  0.99996
 4955962  4811.82 12075.05  6634.92  57822.5    355.0 12074.65  6634.75  1.00012
 4965433  4806.71 12062.54  6630.00  57822.5    355.0 12061.61  6629.64  1.00026
 4974904  4801.57 12049.98  6625.05  57822.5    355.0 12048.51  6624.52  1.00041
 4984375  4796.43 12037.39  6620.09  57822.5    355.0 12035.37  6619.33  1.00055
 4993846  4791.29 12024.75  6615.09  57822.5    355.0 12022.18  6614.14  1.00071
 5003317  4786.13 12012.05  6610.09  57822.5    355.0 12008.92  6608.92  1.00086
 5012788  4780.97 11999.30  6605.03  57822.5    355.0 11995.61  6603.66  1.00102
 5022260  4775.78 11986.52  6599.98  57822.5    355.0 11982.23  6598.39  1.00118
 5031731  4770.61 11973.66  6594.88  57822.5    355.0 11968.79  6593.07  1.00135
 5041202  4765.41 11960.75  6589.74  57822.5    355.0 11955.30  6587.72  1.00151
 5050673  4760.18 11947.77  6584.57  57822.5    355.0 11941.71  6582.33  1.00168
 5060144  4754.98 11934.75  6579.02  57822.5    355.0 11928.09  6576.56  1.00185
 5069615  4749.74 11921.67  6573.75  57822.5    355.0 11914.39  6571.06  1.00203
 5079087  4744.51 11908.50  6568.47  57822.5    355.0 11900.61  6565.55  1.00221
 5088558  4739.22 11895.28  6563.11  57822.5    355.0 11886.78  6559.95  1.00239
 5098029  4733.96 11882.00  6557.72  57822.5    355.0 11872.83  6554.34  1.00255
 5107500  4728.67 11868.63  6552.28  57822.5    355.0 11858.85  6548.67  1.00275
 5116971  4723.34 11855.19  6546.78  57822.5    355.0 11844.80  6542.94  1.00292
 5126442  4718.02 11841.67  6541.25  57822.5    355.0 11830.64  6537.18  1.00310
 5135913  4712.66 11828.09  6535.67  57822.5    355.0 11816.42  6531.35  1.00329
 5145385  4707.31 11814.43  6530.03  57822.5    355.0 11802.12  6525.46  1.00348
 5154856  4701.92 11800.68  6524.31  57822.5    355.0 11787.72  6519.50  1.00365
 5164327  4696.48 11786.85  6518.55  57822.5    355.0 11773.26  6513.50  1.00385
 5173798  4691.07 11772.97  6512.76  57822.5    355.0 11758.71  6507.48  1.00404
 5183269  4685.62 11759.03  6506.92  57822.5    355.0 11744.09  6501.37  1.00423
 5192740  4680.13 11745.08  6501.05  57822.5    355.0 11729.42  6495.25  1.00444
 5202212  4674.65 11731.06  6495.16  57822.5    355.0 11714.70  6489.09  1.00466
 5211683  4669.14 11717.02  6489.26  57822.5    355.0 11699.89  6482.90  1.00487
 5221154  4663.65 11703.01  6483.36  57822.5    355.0 11685.09  6476.71  1.00511
 5230625  4658.11 11688.98  6477.48  57822.5    355.0 11670.21  6470.50  1.00535
 5240096  4652.58 11674.99  6471.59  57822.5    355.0 11655.33  6464.28  1.00561
 5249567  4647.03 11661.01  6465.73  57822.5    355.0 11640.39  6458.06  1.00589
 5259038  4641.49 11647.06  6459.90  57822.5    355.0 11625.46  6451.86  1.00619
 5268510  4635.96 11633.16  6454.09  57822.5    355.0 11610.50  6445.67  1.00650
 5277981  4630.39 11619.34  6448.38  57822.5    355.0 11595.53  6439.51  1.00684
 5287452  4624.83 11605.56  6442.68  57822.5    355.0 11580.54  6433.36  1.00721
 5296923  4619.27 11591.91  6437.05  57822.5    355.0 11565.57  6427.24  1.00760
 5306394  4613.72 11578.34  6431.50  57822.5    355.0 11550.60  6421.19  1.00801
 5315865  4608.16 11564.84  6426.01  57822.5    355.0 11535.63  6415.15  1.00844
 5325337  4602.58 11551.48  6420.65  57822.5    355.0 11520.67  6409.18  1.00892
 5334808  4597.03 11538.25  6415.34  57822.5    355.0 11505.77  6403.26  1.00943
 5344279  4591.48 11525.14  6410.17  57822.5    355.0 11490.87  6397.39  1.00995
 5353750  4585.94 11512.19  6405.10  57822.5    355.0 11476.00  6391.60  1.01053
 5363221  4580.40 11499.39  6400.13  57822.5    355.0 11461.19  6385.90  1.01114
 5372692  4574.87 11486.74  6395.32  57822.5    355.0 11446.39  6380.26  1.01178
 5382163  4569.36 11474.27  6390.63  57822.5    355.0 11431.65  6374.72  1.01246
 5391635  4563.85 11461.96  6386.05  57822.5    355.0 11416.97  6369.25  1.01318
 5401106  4558.33 11449.78  6381.58  57822.5    355.0 11402.31  6363.84  1.01393
 5410577  4552.84 11437.69  6377.18  57822.5    355.0 11387.66  6358.51  1.01470
 5420048  4547.34 11425.62  6372.86  57822.5    355.0 11373.06  6353.21  1.01546
 5429519  4541.81 11413.59  6368.58  57822.5    355.0 11358.45  6347.96  1.01626
 5438990  4536.25 11401.56  6364.31  57822.5    355.0 11343.81  6342.74  1.01705
 5448462  4530.70 11389.48  6360.09  57822.5    355.0 11329.20  6337.52  1.01783
 5457933  4525.10 11377.31  6355.80  57822.5    355.0 11314.52  6332.32  1.01859
 5467404  4519.50 11365.02  6351.48  57822.5    355.0 11299.86  6327.12  1.01932
 5476875  4513.85 11352.60  6347.14  57822.5    355.0 11285.15  6321.87  1.02003
 5486346  4508.17 11339.98  6342.72  57822.5    355.0 11270.36  6316.64  1.02071
 5495817  4502.44 11327.18  6338.22  57822.5    355.0 11255.55  6311.39  1.02133
 5505288  4496.69 11314.11  6333.60  57822.5    355.0 11240.66  6306.06  1.02193
 5514760  4490.85 11300.77  6328.86  57822.5    355.0 11225.70  6300.69  1.02244
 5524231  4484.99 11287.14  6323.97  57822.5    355.0 11210.66  6295.26  1.02289
 5533702  4479.05 11273.18  6318.91  57822.5    355.0 11195.53  6289.77  1.02328
 5543173  4473.07 11258.83  6313.67  57822.5    355.0 11180.28  6284.18  1.02357
 5552644  4467.01 11244.09  6308.25  57822.5    355.0 11164.95  6278.52  1.02379
 5562115  4460.86 11228.92  6302.60  57822.5    355.0 11149.50  6272.76  1.02392
 5571587  4454.64 11213.30  6296.73  57822.5    355.0 11133.93  6266.90  1.02393
 5581058  4448.37 11197.21  6290.63  57822.5    355.0 11118.26  6260.94  1.02383
 5590529  4441.99 11180.68  6284.32  57822.5    355.0 11102.47  6254.89  1.02365
 5600000  4435.54 11163.81  6277.83  57822.5    355.0 11086.61  6248.76  1.02339
 5600000  4435.53 11163.81  6277.83  57822.5    355.0 11086.61  6248.76  1.02339
 5607562  4430.32 11145.89  6257.65  57822.5    355.0 11069.66  6229.01  1.02311
 5615125  4425.04 11127.57  6238.32  57822.5    355.0 11052.39  6210.11  1.02283
 5622688  4419.76 11108.56  6219.22  57822.5    355.0 11034.52  6191.48  1.02252
 5630250  4414.44 11089.59  6200.15  57822.5    355.0 11016.71  6172.89  1.02219
 5637812  4409.07 11069.51  6181.18  57822.5    355.0 10997.82  6154.38  1.02186
 5645375  4403.66 11049.53  6162.28  57822.5    355.0 10978.96  6135.92  1.02156
 5652938  4398.25 11028.16  6142.16  57822.5    355.0 10958.66  6116.26  1.02126
 5660500  4392.77 11007.04  6122.23  57822.5    355.0 10938.55  6096.74  1.02100
 5668062  4387.29 10986.23  6102.52  57822.5    355.0 10918.60  6077.38  1.02078
 5675625  4381.75 10965.75  6083.01  57822.5    355.0 10898.81  6058.16  1.02059
 5683188  4376.23 10945.64  6063.73  57822.5    355.0 10879.19  6039.08  1.02047
 5690750  4370.68 10925.94  6044.75  57822.5    355.0 10859.82  6020.26  1.02042
 5698312  4365.09 10906.70  6026.05  57822.5    355.0 10840.60  6001.62  1.02046
 5705875  4359.52 10887.90  6007.59  57822.5    355.0 10821.58  5983.10  1.02053
 5713438  4353.92 10869.57  5989.42  57822.5    355.0 10802.72  5964.77  1.02075
 5721000  4348.31 10851.70  5971.47  57822.5    355.0 10784.00  5946.53  1.02105
 5721000  4055.48 10359.65  5593.80    943.0    165.0 10295.03  5570.44  1.02105
 5724572  4051.12 10343.53  5585.45    943.0    165.0 10278.47  5561.94  1.02124
 5728143  4046.77 10327.47  5577.14    943.0    165.0 10261.90  5553.41  1.02146
 5731714  4042.45 10311.53  5568.88    943.0    165.0 10245.34  5544.92  1.02167
 5735286  4038.10 10295.65  5560.64    943.0    165.0 10228.79  5536.46  1.02193
 5738857  4033.79 10279.86  5552.45    943.0    165.0 10212.23  5528.00  1.02221
 5742428  4029.46 10264.19  5544.33    943.0    165.0 10195.71  5519.54  1.02254
 5746000  4025.16 10248.56  5536.25    943.0    165.0 10179.15  5511.13  1.02288
 5749572  4020.85 10233.06  5528.19    943.0    165.0 10162.62  5502.70  1.02326
 5753143  4016.55 10217.65  5520.19    943.0    165.0 10146.10  5494.29  1.02367
 5756714  4012.28 10202.30  5512.23    943.0    165.0 10129.57  5485.91  1.02411
 5760286  4007.97 10187.04  5504.30    943.0    165.0 10113.03  5477.52  1.02458
 5763857  4003.72 10171.88  5496.39    943.0    165.0 10096.52  5469.12  1.02507
 5767428  3999.45 10156.75  5488.54    943.0    165.0 10080.01  5460.73  1.02557
 5771000  3995.18 10141.65  5480.68    943.0    165.0 10063.49  5452.36  1.02608
 5777334  3987.59 10114.97  5466.77    943.0    165.0 10034.18  5437.48  1.02705
 5783666  3980.03 10088.46  5452.98    943.0    165.0 10004.98  5422.72  1.02803
 5790000  3972.47 10062.09  5439.28    943.0    165.0  9975.95  5408.05  1.02902
 5796334  3964.87 10035.75  5425.69    943.0    165.0  9947.02  5393.53  1.02999
 5802666  3957.28 10009.47  5412.16    943.0    165.0  9918.22  5379.07  1.03095
 5809000  3949.66  9983.14  5398.68    943.0    165.0  9889.58  5364.73  1.03181
 5815334  3942.03  9956.80  5385.22    943.0    165.0  9861.11  5350.45  1.03265
 5821666  3934.37  9930.35  5371.78    943.0    165.0  9832.78  5336.34  1.03339
 5828000  3926.66  9903.75  5358.34    943.0    165.0  9804.60  5322.33  1.03404
 5834334  3918.89  9877.00  5344.91    943.0    165.0  9776.65  5308.42  1.03456
 5840666  3911.13  9850.06  5331.46    943.0    165.0  9748.89  5294.66  1.03491
 5847000  3903.33  9822.90  5318.02    943.0    165.0  9721.35  5281.09  1.03517
 5853334  3895.47  9795.49  5304.56    943.0    165.0  9694.04  5267.63  1.03522
 5859666  3887.58  9767.78  5291.05    943.0    165.0  9666.99  5254.36  1.03509
 5866000  3879.63  9739.74  5277.48    943.0    165.0  9640.19  5241.22  1.03476
 5872334  3871.64  9711.31  5263.83    943.0    165.0  9613.60  5228.23  1.03419
 5878666  3863.61  9682.48  5250.09    943.0    165.0  9587.24  5215.39  1.03341
 5885000  3855.50  9653.13  5236.18    943.0    165.0  9561.12  5202.65  1.03237
 5891334  3847.33  9623.16  5222.03    943.0    165.0  9535.08  5189.92  1.03103
 5897666  3839.14  9592.47  5207.57    943.0    165.0  9509.15  5177.16  1.02943
 5904000  3830.85  9561.00  5192.70    943.0    165.0  9483.24  5164.32  1.02753
 5910334  3822.51  9528.72  5177.39    943.0    165.0  9457.29  5151.31  1.02533
 5916666  3814.08  9495.80  5161.64    943.0    165.0  9431.17  5138.03  1.02288
 5923000  3805.65  9461.99  5145.31    943.0    165.0  9404.84  5124.43  1.02024
 5929334  3797.09  9427.28  5128.39    943.0    165.0  9378.23  5110.48  1.01746
 5935666  3788.49  9391.70  5110.83    943.0    165.0  9351.26  5096.05  1.01455
 5942000  3779.78  9355.33  5092.60    943.0    165.0  9323.84  5081.09  1.01154
 5948334  3771.04  9318.13  5073.68    943.0    165.0  9295.85  5065.56  1.00847
 5954666  3762.22  9280.20  5054.01    943.0    165.0  9267.23  5049.29  1.00536
 5961000  3753.34  9241.51  5033.52    943.0    165.0  9237.88  5032.24  1.00227
 5961000  3639.89  8956.39  4820.82    943.0    165.0  8952.88  4819.58  1.00227
 5966000  3628.31  8912.69  4809.00    943.0    165.0  8916.22  4810.37  0.99983
 5973666  3616.41  8865.13  4794.97    943.0    165.0  8879.19  4800.22  0.99615
 5980000  3610.50  8838.83  4786.06    943.0    165.0  8861.30  4794.40  0.99321
 5986334  3606.74  8819.86  4778.61    943.0    165.0  8850.29  4789.93  0.99040
 5992666  3603.76  8803.93  4771.68    943.0    165.0  8841.87  4785.81  0.98769
 5999000  3600.36  8786.91  4764.37    943.0    165.0  8831.72  4781.13  0.98516
 6005334  3595.21  8764.57  4755.80    943.0    165.0  8815.59  4774.95  0.98281
 6011666  3588.77  8738.56  4746.42    943.0    165.0  8795.19  4767.80  0.98063
 6018000  3582.48  8712.26  4736.38    943.0    165.0  8775.26  4760.32  0.97865
 6024334  3576.47  8687.28  4725.34    943.0    165.0  8756.04  4751.59  0.97693
 6030666  3570.04  8661.17  4713.11    943.0    165.6  8735.12  4741.51  0.97548
 6037000  3563.15  8633.88  4699.66    943.0    166.6  8712.31  4729.97  0.97430
 6043334  3555.81  8605.58  4685.20    943.0    167.9  8687.76  4717.16  0.97344
 6049666  3548.13  8576.54  4669.92    943.0    169.4  8661.71  4703.28  0.97292
 6056000  3540.17  8547.02  4654.00    943.0    170.9  8634.33  4688.49  0.97272
 6062334  3532.06  8517.49  4638.01    943.0    172.4  8606.18  4673.31  0.97286
 6068666  3523.93  8488.54  4622.40    943.0    173.6  8577.77  4658.24  0.97335
 6075000  3515.93  8460.52  4607.60    943.0    174.4  8549.58  4643.73  0.97418
 6081334  3508.15  8433.87  4593.94    943.0    174.7  8521.99  4630.12  0.97533
 6087666  3500.70  8409.02  4581.89    943.0    174.3  8495.46  4617.83  0.97682
 6094000  3493.69  8386.35  4571.77    943.0    173.1  8470.35  4607.20  0.97868
 6100334  3487.37  8368.38  4564.49    943.0    170.8  8448.52  4598.81  0.98106
 6106666  3482.15  8359.13  4561.06    943.0    166.5  8436.65  4594.77  0.98321
 6113000  3477.48  8352.43  4559.27    943.0    160.9  8429.26  4593.06  0.98481
 6119334  3473.15  8346.38  4558.24    943.0    154.3  8424.98  4592.99  0.98568
 6125666  3468.93  8339.14  4557.04    943.0    146.8  8422.54  4593.86  0.98554
 6132000  3464.62  8328.74  4554.76    943.0    138.9  8420.56  4594.96  0.98422
 6138334  3460.04  8313.48  4550.68    943.0    130.6  8417.88  4595.74  0.98146
 6144666  3455.08  8291.73  4544.18    943.0    122.4  8413.41  4595.80  0.97706
 6151000  3449.65  8263.88  4535.13    943.0    114.3  8405.78  4594.34  0.97147
 6157087  3443.97  8230.10  4523.91    943.0    107.0  8394.26  4591.43  0.96492
 6163174  3437.84  8189.00  4510.00    943.0     99.9  8377.66  4586.72  0.95748
 6169261  3431.16  8146.25  4494.02    943.0     93.4  8358.56  4579.59  0.95016
 6175348  3424.35  8105.59  4478.20    943.0     87.5  8337.85  4571.25  0.94385
 6181435  3417.13  8065.92  4462.83    943.0     81.9  8315.44  4562.42  0.93836
 6187522  3409.59  8025.83  4446.22    943.0     76.8  8290.41  4551.52  0.93361
 6193609  3402.38  7988.80  4431.39    943.0     72.0  8265.12  4541.23  0.93001
 6199696  3396.15  7959.19  4420.30    943.0     67.6  8241.87  4532.69  0.92822
 6205783  3390.93  7939.53  4411.84    943.0     63.4  8220.10  4523.64  0.92920
 6211870  3386.42  7927.00  4407.11    943.0     59.9  8198.98  4515.90  0.93226
 6217957  3382.84  7920.11  4406.55    943.0     56.9  8180.36  4511.13  0.93642
 6224043  3379.33  7913.70  4407.18    943.0     55.0  8159.43  4506.45  0.94137
 6230130  3375.61  7906.80  4407.93    943.0     54.3  8136.09  4501.13  0.94671
 6236217  3372.56  7901.64  4410.81    943.0     55.1  8116.70  4498.76  0.95101
 6242304  3370.21  7896.48  4415.40    943.0     57.6  8102.52  4500.05  0.95312
 6248391  3368.00  7894.84  4421.75    943.0     62.0  8100.35  4506.31  0.95190
 6254478  3365.61  7892.09  4427.23    943.0     68.5  8104.93  4514.70  0.94761
 6260565  3362.74  7884.15  4429.70    943.0     76.9  8110.73  4522.49  0.94076
 6266652  3359.10  7871.24  4428.77    943.0     86.8  8116.41  4528.63  0.93199
 6272739  3355.38  7858.61  4428.96    943.0     94.6  8124.79  4536.77  0.92230
 6278826  3351.78  7846.41  4428.68    943.0    100.2  8133.13  4544.16  0.91280
 6284913  3348.39  7836.82  4429.47    943.0    104.2  8140.87  4551.31  0.90454
 6291000  3344.99  7829.84  4431.43    943.0    107.3  8147.23  4558.15  0.89779
 6294971  3342.62  7826.11  4433.11    943.0    109.0  8150.36  4562.26  0.89405
 6298943  3340.17  7822.57  4435.24    943.0    110.7  8152.99  4566.58  0.89056
 6302914  3337.63  7818.88  4438.05    943.0    112.6  8155.39  4571.48  0.88708
 6306886  3334.93  7814.46  4441.44    943.0    114.8  8157.71  4577.21  0.88330
 6310857  3332.01  7808.36  4445.04    943.0    117.5  8159.91  4583.68  0.87892
 6314829  3328.72  7799.65  4448.46    943.0    120.9  8161.91  4590.82  0.87358
 6318800  3324.99  7787.35  4451.24    943.0    125.1  8163.64  4598.46  0.86697
 6322771  3320.69  7770.55  4452.97    943.0    130.2  8164.94  4606.44  0.85879
 6326743  3315.71  7749.06  4453.22    943.0    136.5  8165.53  4614.29  0.84911
 6330714  3310.04  7723.43  4451.87    943.0    144.1  8165.04  4621.43  0.83824
 6334686  3303.57  7694.17  4448.82    943.0    153.2  8163.14  4627.46  0.82652
 6338657  3296.28  7661.88  4444.07    943.0    164.0  8159.53  4631.98  0.81426
 6341000  3288.88  7640.62  4443.09    943.0    176.5  8155.38  4636.53  0.80690
 6341000  3068.63  7334.79  4195.90  99900.0    300.0  7334.79  4214.42  1.00000
 6342000  3068.23  7333.03  4194.84  99900.0    300.0  7333.03  4213.68  1.00000
 6343000  3065.59  7324.47  4190.30  99900.0    300.0  7324.47  4209.63  1.00000
 6344000  3060.91  7309.60  4182.54  99900.0    300.0  7309.60  4202.45  1.00000
 6345000  3054.42  7288.87  4171.82  99900.0    300.0  7288.87  4192.33  1.00000
 6346000  3046.29  7262.78  4158.41  99900.0    300.0  7262.78  4179.48  1.00000
 6347000  3036.74  7231.81  4142.56  99900.0    300.0  7231.81  4164.12  1.00000
 6348000  3025.95  7196.45  4124.56  99900.0    300.0  7196.45  4146.45  1.00000
 6349000  3014.11  7157.21  4104.65  99900.0    300.0  7157.21  4126.72  1.00000
 6350000  3001.41  7114.60  4083.11  99900.0    300.0  7114.60  4105.15  1.00000
 6351000  2988.02  7069.14  4060.21  99900.0    300.0  7069.14  4082.00  1.00000
 6352000  2974.11  7021.35  4036.21  99900.0    300.0  7021.35  4057.52  1.00000
 6353000  2959.86  6971.76  4011.40  99900.0    300.0  6971.76  4031.97  1.00000
 6354000  2945.44  6920.92  3986.03  99900.0    300.0  6920.92  4005.63  1.00000
 6355000  2931.01  6869.37  3960.39  99900.0    300.0  6869.37  3978.77  1.00000
 6356000  2916.71  6817.67  3934.74  99900.0    300.0  6817.67  3951.68  1.00000
 6357000  2902.71  6766.37  3909.37  99900.0    300.0  6766.37  3924.67  1.00000
 6358000  2889.16  6716.05  3884.55  99900.0    300.0  6716.05  3898.03  1.00000
 6359000  2876.19  6667.29  3860.56  99900.0    300.0  6667.29  3872.08  1.00000
 6360000  2863.95  6620.66  3837.67  99900.0    300.0  6620.66  3847.15  1.00000
 6361000  2852.58  6576.77  3816.18  99900.0    300.0  6576.77  3823.57  1.00000
 6362000  2842.20  6536.20  3796.35  99900.0    300.0  6536.20  3801.67  1.00000
 6363000  2832.94  6499.58  3778.48  99900.0    300.0  6499.58  3781.80  1.00000
 6364000  2824.93  6467.50  3762.84  99900.0    300.0  6467.50  3764.32  1.00000
 6365000  2818.28  6440.59  3749.73  99900.0    300.0  6440.59  3749.60  1.00000
 6366000  2813.10  6419.48  3739.42  99900.0    300.0  6419.48  3738.01  1.00000
 6367000  2809.51  6404.81  3732.21  99900.0    300.0  6404.81  3729.94  1.00000
 6368000  2807.61  6397.21  3728.39  99900.0    300.0  6397.21  3725.77  1.00000
 6368000  1020.00  1450.00     0.00  57822.5      0.0  1450.00     0.00  1.00000
 6368200  1020.00  1450.00     0.00  57822.5      0.0  1450.00     0.00  1.00000
 6368400  1020.00  1450.00     0.00  57822.5      0.0  1450.00     0.00  1.00000
 6368600  1020.00  1450.00     0.00  57822.5      0.0  1450.00     0.00  1.00000
 6368800  1020.00  1450.00     0.00  57822.5      0.0  1450.00     0.00  1.00000
 6369000  1020.00  1450.00     0.00  57822.5      0.0  1450.00     0.00  1.00000
 6369200  1020.00  1450.00     0.00  57822.5      0.0  1450.00     0.00  1.00000
 6369400  1020.00  1450.00     0.00  57822.5      0.0  1450.00     0.00  1.00000
 6369600  1020.00  1450.00     0.00  57822.5      0.0  1450.00     0.00  1.00000
 6369800  1020.00  1450.00     0.00  57822.5      0.0  1450.00     0.00  1.00000
 6370000  1020.00  1450.00     0.00  57822.5      0.0  1450.00     0.00  1.00000
 6370200  1020.00  1450.00     0.00  57822.5      0.0  1450.00     0.00  1.00000
 6370400  1020.00  1450.00     0.00  57822.5      0.0  1450.00     0.00  1.00000
 6370600  1020.00  1450.00     0.00  57822.5      0.0  1450.00     0.00  1.00000
 6370800  1020.00  1450.00     0.00  57822.5      0.0  1450.00     0.00  1.00000
 6371000  1020.00  1450.00     0.00  57822.5      0.0  1450.00     0.00  1.00000
